%% =========================
%% Geometry Input
%% =========================

C1 = [
% left (y=0)
0 0 0   4 0 0   4 0 1   0 0 1;

% right (y=1)
0 1 0   4 1 0   4 1 1   0 1 1;

% back (x=0)
0 0 0   0 1 0   0 1 1   0 0 1;

% front (x=4)
4 0 0   4 1 0   4 1 1   4 0 1;

% Bottom (z=0)
0 0 0   4 0 0   4 1 0   0 1 0;

% Top (z=1)
0 0 1   4 0 1   4 1 1   0 1 1
];

%% Conductor C2 (0 ≤ x ≤ 4, 6 ≤ y ≤ 5, 0 ≤ z ≤ 1)

C2 = [
% right (y=6)
0 6 0   4 6 0   4 6 1   0 6 1;

% left (y=5)
0 5 0   4 5 0   4 5 1   0 5 1;

% back(x=0)
0 6 0   0 5 0   0 5 1   0 6 1;

% front (x=4)
4 6 0   4 5 0   4 5 1   4 6 1;

% Bottom (z=0)
0 6 0   4 6 0   4 5 0   0 5 0;

% Top (z=1)
0 6 1   4 6 1   4 5 1   0 5 1
];

% Shared dielectric panel (common between E1 and E2)
D1 = [0 3 0   4 3 0   4 3 1   0 3 1];