C1 =[
    % Face 1: Bottom (z=0.2)
    0.1 0.1 0.2, 0.2 0.1 0.2, 0.2 0.2 0.2, 0.1 0.2 0.2;
    
    % Face 2: Top (z=0.3)
    0.1 0.1 0.3, 0.2 0.1 0.3, 0.2 0.2 0.3, 0.1 0.2 0.3;
    
    % Face 3: Front (y=0.1)
    0.1 0.1 0.2, 0.2 0.1 0.2, 0.2 0.1 0.3, 0.1 0.1 0.3;
    
    % Face 4: Back (y=0.2)
   0.1 0.2 0.2, 0.2 0.2 0.2, 0.2 0.2 0.3, 0.1 0.2 0.3;
    
    % Face 5: Left (x=0.1)
   0.1 0.1 0.2, 0.1 0.2 0.2, 0.1 0.2 0.3, 0.1 0.1 0.3;
    
    % Face 6: Right (x=0.2)
    0.2 0.1 0.2, 0.2 0.2 0.2, 0.2 0.2 0.3, 0.2 0.1 0.3;
];

% Conductor 2: Cube at z=0.4 to 0.5 um
C2 = [
    % Face 1: Bottom (z=0.4)
   0.1 0.1 0.4, 0.2 0.1 0.4, 0.2 0.2 0.4, 0.1 0.2 0.4;
    
    % Face 2: Top (z=0.5)
   0.1 0.1 0.5, 0.2 0.1 0.5, 0.2 0.2 0.5, 0.1 0.2 0.5;
    
    % Face 3: Front (y=0.1)
   0.1 0.1 0.4, 0.2 0.1 0.4, 0.2 0.1 0.5, 0.1 0.1 0.5;
    
    % Face 4: Back (y=0.2)
   0.1 0.2 0.4, 0.2 0.2 0.4, 0.2 0.2 0.5, 0.1 0.2 0.5;
    
    % Face 5: Left (x=0.1)
    0.1 0.1 0.4, 0.1 0.2 0.4, 0.1 0.2 0.5, 0.1 0.1 0.5;
    
    % Face 6: Right (x=0.2)
    0.2 0.1 0.4, 0.2 0.2 0.4, 0.2 0.2 0.5, 0.2 0.1 0.5;
];


D1 = [ 
    1 1 1  2 1 1    2 2 1    1 2 1 ];