% ==============================
% Geometry of rectangular conductors (cuboids)
% Each conductor is defined by 6 faces
% Each face has 4 corner points (x, y, z)
% y-range (height) = 0.65 to 0.9
% z-range (depth)  = -1 to 1
% Only x-range changes for each conductor to place them side by side
% ==============================


% -------- Conductor C1 (leftmost block) --------
% x from -0.98 to -0.84, y from 0.65 to 0.9, z from 0 to 2
C1 = [
    % Bottom face (y = 0.65)
    -0.98 0.65 0    -0.84 0.65 0    -0.84 0.65 2    -0.98 0.65 2;

    % Top face (y = 0.9)
    -0.98 0.9 0     -0.84 0.9 0     -0.84 0.9 2     -0.98 0.9 2;

    % Front face (z = 0)
    -0.98 0.65 0     -0.84 0.65 0    -0.84 0.9 0    -0.98 0.9 0;

    % Back face (z = 2)
    -0.98 0.65 2    -0.84 0.65 2    -0.84 0.9 2   -0.98 0.9 2;

    % Left face (x = -0.98)
    -0.98 0.65 0    -0.98 0.65 2     -0.98 0.9 2     -0.98 0.9 0;  

    % Right face (x = -0.84)
    -0.84 0.65 0    -0.84 0.65 2     -0.84 0.9 2     -0.84 0.9 0;
];


% -------- Conductor C2 --------
% Shifted to the right of C1
% x from -0.70 to -0.56, same y and z limits
C2 = [
    % Bottom face (y = 0.65)
    -0.70 0.65 0    -0.56 0.65 0    -0.56 0.65 2    -0.70 0.65 2;

    % Top face (y = 0.9)
    -0.70 0.9 0     -0.56 0.9 0     -0.56 0.9 2     -0.70 0.9 2;

    % Front face (z = 0)
    -0.70 0.65 0     -0.56 0.65 0     -0.56 0.9 0     -0.70 0.9 0;

    % Back face (z = 2)
    -0.70 0.65 2    -0.56 0.65 2    -0.56 0.9 2    -0.70 0.9 2;

    % Left face (x = -0.70)
    -0.70 0.65 0    -0.70 0.65 2     -0.70 0.9 2     -0.70 0.9 0;

    % Right face (x = -0.56)
    -0.56 0.65 0    -0.56 0.65 2     -0.56 0.9 2     -0.56 0.9 0;
];


% -------- Conductor C3 --------
% Further shifted right
% x from -0.42 to -0.28
C3 = [
    % Bottom face (y = 0.65)
    -0.42 0.65 0    -0.28 0.65 0   -0.28 0.65 2    -0.42 0.65 2;

    % Top face (y = 0.9)
    -0.42 0.9 0     -0.28 0.9 0    -0.28 0.9 2     -0.42 0.9 2;

    % Front face (z = 0)
    -0.42 0.65 2     -0.28 0.65 0   -0.28 0.9 0    -0.42 0.9 0;

    % Back face (z = 2)
    -0.42 0.65 2    -0.28 0.65 2    -0.28 0.9 2    -0.42 0.9 2;

    % Left face (x = -0.42)
    -0.42 0.65 0    -0.42 0.65 2     -0.42 0.9 2     -0.42 0.9 0;

    % Right face (x = -0.28)
    -0.28 0.65 0    -0.28 0.65 2     -0.28 0.9 2     -0.28 0.9 0;
];


% -------- Conductor C4 --------
% Center block near x = 0
% x from -0.14 to 0.00
C4 = [
    % Bottom face (y = 0.65)
    -0.14 0.65 0    0.00 0.65 0    0.00 0.65 2    -0.14 0.65 2;

    % Top face (y = 0.9)
    -0.14 0.9 0     0.00 0.9 0     0.00 0.9 2     -0.14 0.9 2;

    % Front face (z = 0)
    -0.14 0.65 0     0.00 0.65 0     0.00 0.9 0    -0.14 0.9 0;

    % Back face (z = 2)
    -0.14 0.65 2    0.00 0.65 2    0.00 0.9 2    -0.14 0.9 2;

    % Left face (x = -0.14)
    -0.14 0.65 0    -0.14 0.65 2    -0.14 0.9 2     -0.14 0.9 0;

    % Right face (x = 0.00)
    0.00 0.65 0     0.00 0.65 2     0.00 0.9 2     0.00 0.9 0;
];



% -------- Conductor C5 (rightmost block) --------
% x from 0.14 to 0.28
C5 = [
    % Bottom face (y = 0.65)
    0.14 0.65 0    0.28 0.65 0    0.28 0.65 2    0.14 0.65 2;

    % Top face (y = 0.9)
    0.14 0.9 0     0.28 0.9 0     0.28 0.9 2     0.14 0.9 2;

    % Front face (z = 0)
    0.14 0.65 0     0.28 0.65 0     0.28 0.9 0     0.14 0.9 0;

    % Back face (z = 2)
    0.14 0.65 2    0.28 0.65 2    0.28 0.9 2    0.14 0.9 2;

    % Left face (x = 0.14)
    0.14 0.65 0    0.14 0.65 2     0.14 0.9 2     0.14 0.9 0;

    % Right face (x = 0.28)
    0.28 0.65 0    0.28 0.65 2     0.28 0.9 2     0.28 0.9 0;
];
